32 0.000055 
1286 0.000093 
1365 0.000095 
1159 0.000090 
1325 0.000091 
1305 0.000086 
1228 0.000088 
1278 0.000087 
1223 0.000089 
1291 0.000088 
1151 0.000089 
1680 0.000144 
1729 0.000176 
1557 0.000165 
1439 0.000151 
1502 0.000144 
1453 0.000145 
1562 0.000138 
1609 0.000144 
1647 0.000147 
1653 0.000141 
2410 0.000235 
2150 0.000250 
2411 0.000240 
2262 0.000238 
2397 0.000240 
2349 0.000246 
2362 0.000241 
2249 0.000243 
2320 0.000238 
2277 0.000240 
2733 0.000364 
2843 0.000358 
2640 0.000355 
2782 0.000351 
2868 0.000360 
2850 0.000356 
2758 0.000464 
2721 0.000356 
2576 0.000353 
2790 0.000459 
3135 0.000704 
3032 0.000707 
2986 0.000671 
3198 0.000681 
3160 0.000734 
3178 0.000691 
3277 0.000726 
3123 0.000674 
3002 0.000652 
3257 0.000681 
4082 0.001298 
3921 0.001308 
3927 0.001305 
3969 0.001331 
3835 0.001283 
3914 0.001270 
3952 0.001295 
3938 0.001291 
3952 0.001305 
4079 0.001375 
5519 0.001317 
5348 0.001255 
5219 0.001238 
5023 0.001235 
5266 0.001226 
5139 0.001259 
5259 0.001234 
5120 0.001317 
5489 0.001344 
5341 0.001385 
5846 0.002451 
5453 0.002501 
5824 0.002477 
5929 0.002407 
5679 0.002472 
5375 0.002408 
5704 0.002398 
5760 0.002525 
6032 0.002588 
5918 0.002537 
6541 0.005008 
6523 0.004869 
6639 0.005256 
6557 0.004899 
6695 0.004921 
6664 0.004939 
6632 0.004929 
6739 0.004893 
6677 0.004948 
6677 0.004948 
10942 0.009108 
10716 0.009324 
11025 0.009190 
11057 0.009383 
10645 0.009250 
10458 0.009117 
10989 0.009444 
10829 0.009024 
10574 0.009130 
10807 0.009460 
11594 0.019154 
11675 0.018581 
11852 0.018250 
11803 0.018295 
11685 0.018771 
11629 0.018316 
11833 0.018665 
11913 0.018541 
11673 0.018321 
11869 0.018547 
26670 0.109726 
27232 0.112106 
26848 0.115344 
27055 0.114899 
26727 0.108604 
26992 0.115128 
26797 0.120963 
27138 0.114323 
26631 0.109632 
